2023
1 3 46 63 72
2 6 16 41 61 76 104 106
3 5 4 13 26 35 51
4 4 3 7 13 35
5 3 43 70 71
6 1 21
7 2 4 17
8 5 12 69 83 89 90
9 3 10 32 66
10 4 9 14 66 96
11 5 12 42 79 80 81
12 3 8 11 81
13 3 3 4 35
14 3 10 18 96
15 4 60 65 68 75
16 4 2 60 61 78
17 1 7
18 6 14 22 24 48 96 121
19 3 20 25 33
20 5 19 33 64 95 103
21 3 6 26 27
22 2 18 24
23 5 24 25 48 49 52
24 4 18 22 23 48
25 6 19 23 33 49 52 74
26 6 3 21 27 34 51 59
27 3 21 26 34
28 2 31 36
29 2 45 88
30 5 31 36 47 55 113
31 3 28 30 36
32 3 9 39 66
33 5 19 20 25 74 103
34 2 26 27
35 10 3 4 13 51 88 94 97 102 136 151
36 4 28 30 31 47
37 1 44
38 5 39 45 62 109 165
39 4 32 38 62 66
40 3 46 67 68
41 4 2 54 101 106
42 3 11 50 79
43 4 5 56 71 84
44 4 37 57 58 73
45 6 29 38 88 141 156 165
46 7 1 40 63 67 68 72 93
47 6 30 36 50 108 113 114
48 7 18 23 24 52 121 145 146
49 2 23 25
50 5 42 47 79 108 114
51 6 3 26 35 59 77 94
52 8 23 25 48 74 85 99 145 146
53 1 54
54 7 41 53 55 101 107 110 159
55 5 30 54 107 110 113
56 6 43 57 58 71 84 92
57 3 44 56 58
58 5 44 56 57 73 92
59 3 26 51 77
60 4 15 16 78 112
61 6 2 16 76 78 133 162
62 4 38 39 66 109
63 8 1 46 64 72 93 100 123 128
64 4 20 63 95 123
65 6 15 75 112 124 154 155
66 8 9 10 32 39 62 96 109 116
67 3 40 46 68
68 6 15 40 46 67 75 93
69 4 8 70 82 83
70 5 5 69 71 82 86
71 8 5 43 56 70 84 86 91 92
72 3 1 46 63
73 6 44 58 92 129 130 131
74 7 25 33 52 85 87 103 142
75 6 15 65 68 93 100 124
76 5 2 61 104 105 133
77 6 51 59 94 111 135 139
78 4 16 60 61 112
79 5 11 42 50 80 108
80 6 11 79 81 148 149 158
81 5 11 12 80 89 158
82 5 69 70 83 86 91
83 6 8 69 82 90 91 119
84 3 43 56 71
85 4 52 74 87 99
86 4 70 71 82 91
87 7 74 85 99 117 142 144 223
88 7 29 35 45 97 98 115 132
89 7 8 81 90 138 158 171 179
90 5 8 83 89 119 122
91 7 71 82 83 86 92 119 125
92 9 56 58 71 73 91 125 126 129 134
93 5 46 63 68 75 100
94 5 35 51 77 102 111
95 7 20 64 103 123 127 143 147
96 7 10 14 18 66 116 121 166
97 7 35 88 132 151 168 172 181
98 6 88 115 132 141 152 156
99 9 52 85 87 117 146 174 178 183 208
100 5 63 75 93 124 128
101 5 41 54 106 159 194
102 6 35 94 111 120 136 140
103 7 20 33 74 95 142 143 144
104 4 2 76 105 106
105 6 76 104 106 133 194 215
106 6 2 41 101 104 105 194
107 3 54 55 110
108 11 47 50 79 113 114 118 148 164 184 239 281
109 8 38 62 66 116 165 169 182 191
110 7 54 55 107 113 118 159 170
111 5 77 94 102 120 139
112 6 60 65 78 154 155 162
113 7 30 47 55 108 110 118 164
114 3 47 50 108
115 2 88 98
116 5 66 96 109 166 169
117 8 87 99 174 183 213 223 230 233
118 6 108 110 113 164 170 184
119 5 83 90 91 122 125
120 8 102 111 139 140 176 201 202 220
121 6 18 48 96 146 166 173
122 6 90 119 125 138 190 193
123 4 63 64 95 127
124 7 65 75 100 128 153 155 161
125 10 91 92 119 122 126 190 193 205 209 210
126 5 92 125 134 188 205
127 5 95 123 128 147 153
128 5 63 100 124 127 153
129 5 73 92 130 134 188
130 7 73 129 131 180 188 206 207
131 3 73 130 180
132 5 88 97 98 152 168
133 7 61 76 105 162 192 214 215
134 4 92 126 129 188
135 5 77 139 150 218 220
136 5 35 102 137 151 157
137 7 136 140 157 172 175 176 201
138 6 89 122 179 193 200 209
139 5 77 111 120 135 150
140 5 102 120 137 175 176
141 3 45 98 156
142 4 74 87 103 144
143 4 95 103 144 147
144 8 87 103 142 143 147 223 233 238
145 3 48 52 146
146 8 48 52 99 121 145 173 177 178
147 9 95 127 143 144 153 238 240 244 245
148 8 80 108 149 160 163 250 277 281
149 4 80 148 158 160
150 4 135 139 218 220
151 5 35 97 136 157 172
152 9 98 132 156 165 168 195 196 217 219
153 8 124 127 128 147 161 203 224 240
154 3 65 112 155
155 10 65 112 124 154 161 162 189 192 198 203
156 5 45 98 141 152 165
157 4 136 137 151 172
158 8 80 81 89 149 160 163 167 171
159 8 54 101 110 170 185 194 215 226
160 4 148 149 158 163
161 4 124 153 155 203
162 6 61 112 133 155 189 192
163 6 148 158 160 167 199 250
164 3 108 113 118
165 8 38 45 109 152 156 182 191 196
166 5 96 116 121 169 173
167 4 158 163 171 199
168 5 97 132 152 172 195
169 10 109 116 166 173 177 191 197 229 236 271
170 7 110 118 159 184 185 186 187
171 6 89 158 167 179 199 200
172 8 97 137 151 157 168 181 195 201
173 5 121 146 166 169 177
174 3 99 117 183
175 3 137 140 176
176 5 120 137 140 175 201
177 8 146 169 173 178 183 208 212 229
178 4 99 146 177 208
179 4 89 138 171 200
180 4 130 131 207 211
181 2 97 172
182 3 109 165 191
183 5 99 117 174 177 213
184 7 108 118 170 187 227 239 256
185 5 159 170 186 226 234
186 5 170 185 187 228 234
187 5 170 184 186 227 228
188 5 126 129 130 134 206
189 4 155 162 192 198
190 3 122 125 193
191 6 109 165 169 182 196 197
192 8 133 155 162 189 198 214 221 225
193 5 122 125 138 190 209
194 5 101 105 106 159 215
195 5 152 168 172 201 202
196 8 152 165 191 197 219 222 235 236
197 4 169 191 196 236
198 3 155 189 192
199 5 163 167 171 204 250
200 6 138 171 179 204 209 216
201 6 120 137 172 176 195 202
202 7 120 195 201 217 219 220 254
203 5 153 155 161 224 225
204 6 199 200 216 241 246 250
205 7 125 126 206 210 231 268 269
206 5 130 188 205 207 231
207 5 130 180 206 211 231
208 3 99 177 178
209 6 125 138 193 200 210 216
210 10 125 205 209 216 237 268 273 274 275 276
211 4 180 207 232 251
212 6 177 213 229 230 271 290
213 3 117 183 212
214 7 133 192 215 221 267 279 285
215 8 105 133 159 194 214 226 234 267
216 6 200 204 209 210 237 241
217 3 152 202 219
218 3 135 150 220
219 11 152 196 202 217 222 252 253 254 260 303 356
220 8 120 135 150 202 218 252 253 254
221 5 192 214 225 249 279
222 8 196 219 235 257 337 356 386 388
223 4 87 117 144 233
224 6 153 203 225 240 265 266
225 6 192 203 221 224 248 249
226 4 159 185 215 234
227 5 184 187 228 256 259
228 7 186 187 227 234 256 258 259
229 4 169 177 212 271
230 6 117 212 233 288 290 291
231 7 205 206 207 251 269 280 286
232 2 211 251
233 7 117 144 223 230 247 288 295
234 9 185 186 215 226 228 258 267 282 283
235 6 196 222 236 242 243 257
236 9 169 196 197 235 242 255 270 271 287
237 9 210 216 241 275 320 355 369 391 392
238 6 144 147 244 247 263 272
239 10 108 184 256 281 321 358 380 383 384 390
240 4 147 153 224 264
241 6 204 216 237 246 250 391
242 4 235 236 243 255
243 6 235 242 255 257 261 262
244 8 147 238 245 263 272 297 310 313
245 4 147 244 264 313
246 3 204 241 250
247 5 233 238 263 295 305
248 4 225 249 265 278
249 5 221 225 248 278 279
250 11 148 163 199 204 241 246 277 332 344 391 396
251 5 211 231 232 286 289
252 5 219 220 253 260 303
253 4 219 220 252 254
254 4 202 219 220 253
255 4 236 242 243 270
256 8 184 227 228 239 258 259 302 321
257 5 222 235 243 262 337
258 9 228 234 256 267 282 283 292 301 302
259 3 227 228 256
260 5 219 252 303 307 356
261 6 243 262 270 298 299 311
262 7 243 257 261 298 300 324 337
263 6 238 244 247 272 297 305
264 4 240 245 266 313
265 3 224 248 266
266 8 224 264 265 278 313 329 333 335
267 8 214 215 234 258 283 285 292 293
268 5 205 210 269 274 322
269 7 205 231 268 280 317 322 342
270 5 236 255 261 287 311
271 6 169 212 229 236 287 290
272 3 238 244 263
273 6 210 274 275 276 320 322
274 4 210 268 273 322
275 5 210 237 273 276 320
276 3 210 273 275
277 5 148 250 281 332 344
278 8 248 249 266 279 284 335 336 347
279 5 214 221 249 278 284
280 4 231 269 286 317
281 7 108 148 239 277 344 358 368
282 3 234 258 283
283 4 234 258 267 282
284 6 278 279 285 292 296 336
285 5 214 267 284 292 293
286 5 231 251 280 289 317
287 9 236 270 271 290 299 304 308 311 349
288 5 230 233 291 294 295
289 4 251 286 314 328
290 5 212 230 271 287 291
291 9 230 288 290 294 304 340 343 349 350
292 10 258 267 284 285 293 296 301 306 353 354
293 3 267 285 292
294 4 288 291 295 340
295 9 233 247 288 294 305 319 340 343 345
296 5 284 292 336 353 363
297 7 244 263 305 309 310 316 334
298 4 261 262 299 300
299 8 261 287 298 311 325 326 349 382
300 5 262 298 324 325 326
301 7 258 292 302 306 327 330 331
302 5 256 258 301 321 327
303 3 219 252 260
304 5 287 291 308 346 349
305 7 247 263 295 297 309 312 319
306 12 292 301 330 331 354 360 364 376 385 387 389 395
307 5 260 315 356 374 378
308 4 287 304 346 349
309 8 297 305 312 334 341 348 361 373
310 8 244 297 316 329 333 362 365 366
311 4 261 270 287 299
312 4 305 309 319 348
313 5 244 245 264 266 329
314 3 289 318 328
315 3 307 374 375
316 6 297 310 334 352 359 365
317 8 269 280 286 318 323 328 342 371
318 4 314 317 323 328
319 6 295 305 312 345 348 351
320 9 237 273 275 322 342 355 371 402 405
321 6 239 256 302 327 331 383
322 6 268 269 273 274 320 342
323 5 317 318 371 372 381
324 6 262 300 326 337 338 339
325 3 299 300 326
326 7 299 300 324 325 339 382 399
327 4 301 302 321 331
328 4 289 314 317 318
329 4 266 310 313 333
330 3 301 306 331
331 8 301 306 321 327 330 360 383 390
332 3 250 277 344
333 5 266 310 329 335 367
334 5 297 309 316 341 352
335 7 266 278 333 347 363 367 370
336 4 278 284 296 363
337 6 222 257 262 324 338 386
338 7 324 337 339 386 406 418 421
339 6 324 326 338 382 399 406
340 4 291 294 295 343
341 5 309 334 352 357 373
342 5 269 317 320 322 371
343 5 291 295 340 345 350
344 7 250 277 281 332 368 396 404
345 5 295 319 343 350 351
346 3 304 308 349
347 3 278 335 363
348 5 309 312 319 351 361
349 12 287 291 299 304 308 346 350 382 407 411 424 447
350 13 291 343 345 349 351 424 449 467 479 497 505 511 515
351 8 319 345 348 350 357 361 403 467
352 4 316 334 341 357
353 4 292 296 354 363
354 6 292 306 353 363 370 389
355 9 237 320 369 398 402 405 428 429 431
356 10 219 222 260 307 378 388 410 454 482 502
357 7 341 351 352 359 361 379 403
358 5 239 281 368 380 397
359 4 316 357 365 379
360 6 306 331 364 415 442 444
361 5 309 348 351 357 373
362 3 310 366 367
363 7 296 335 336 347 353 354 370
364 5 306 360 376 426 444
365 6 310 316 359 366 379 403
366 6 310 362 365 367 437 438
367 9 333 335 362 366 370 401 420 437 450
368 4 281 344 358 400
369 6 237 355 391 392 398 409
370 6 335 354 363 367 389 401
371 8 317 320 323 342 372 381 393 405
372 4 323 371 381 393
373 3 309 341 361
374 5 307 315 375 377 378
375 6 315 374 377 378 454 465
376 5 306 364 385 426 461
377 3 374 375 378
378 6 307 356 374 375 377 454
379 4 357 359 365 403
380 6 239 358 384 397 408 415
381 3 323 371 372
382 7 299 326 339 349 406 407 422
383 4 239 321 331 390
384 4 239 380 390 415
385 8 306 376 387 395 461 481 491 516
386 10 222 337 338 388 410 412 413 417 418 419
387 3 306 385 395
388 5 222 356 386 410 482
389 5 306 354 370 401 414
390 5 239 331 383 384 415
391 8 237 241 250 369 392 396 404 409
392 3 237 369 391
393 5 371 372 394 405 429
394 4 393 429 453 477
395 7 306 385 387 414 435 506 516
396 4 250 344 391 404
397 6 358 380 400 408 416 436
398 10 355 369 409 427 428 431 460 464 470 475
399 2 326 339
400 4 368 397 404 416
401 5 367 370 389 414 420
402 3 320 355 405
403 7 351 357 365 379 438 448 467
404 8 344 391 396 400 409 416 441 462
405 6 320 355 371 393 402 429
406 5 338 339 382 421 422
407 5 349 382 411 422 423
408 5 380 397 415 436 441
409 7 369 391 398 404 427 462 463
410 10 356 386 388 412 482 483 502 503 509 532
411 8 349 407 423 430 446 447 455 456
412 9 386 410 413 417 483 504 543 546 547
413 6 386 412 417 419 473 504
414 7 389 395 401 420 425 433 435
415 7 360 380 384 390 408 441 442
416 5 397 400 404 436 441
417 3 386 412 413
418 5 338 386 419 421 473
419 4 386 413 418 473
420 7 367 401 414 425 450 468 469
421 8 338 406 418 422 432 445 472 473
422 5 382 406 407 421 423
423 6 407 411 422 430 432 445
424 4 349 350 447 449
425 6 414 420 433 434 443 469
426 6 364 376 444 459 461 476
427 4 398 409 460 463
428 3 355 398 431
429 6 355 393 394 405 431 453
430 5 411 423 445 456 484
431 6 355 398 428 429 453 475
432 3 421 423 445
433 6 414 425 434 435 439 440
434 5 425 433 440 443 452
435 6 395 414 433 439 474 506
436 4 397 408 416 441
437 6 366 367 438 448 450 451
438 4 366 403 437 448
439 7 433 435 440 474 490 544 590
440 8 433 434 439 452 498 512 524 544
441 9 404 408 415 416 436 442 458 462 493
442 6 360 415 441 444 458 459
443 4 425 434 452 469
444 5 360 364 426 442 459
445 7 421 423 430 432 472 484 504
446 5 411 447 455 478 486
447 8 349 411 424 446 449 457 486 510
448 6 403 437 438 451 467 480
449 5 350 424 447 457 497
450 6 367 420 437 451 468 471
451 10 437 448 450 471 480 528 556 573 575 576
452 5 434 440 443 469 498
453 8 394 429 431 475 477 499 508 538
454 6 356 375 378 466 502 509
455 5 411 446 456 478 489
456 7 411 430 455 484 485 488 489
457 4 447 449 497 510
458 7 441 442 459 492 493 527 534
459 5 426 442 444 458 492
460 4 398 427 463 464
461 7 376 385 426 476 481 491 529
462 8 404 409 441 463 487 493 494 495
463 8 409 427 460 462 464 494 499 508
464 5 398 460 463 470 499
465 2 375 466
466 4 454 465 513 521
467 6 350 351 403 448 479 480
468 7 420 450 469 471 498 512 528
469 6 420 425 443 452 468 498
470 4 398 464 475 499
471 4 450 451 468 528
472 5 421 445 473 501 504
473 7 413 418 419 421 472 501 504
474 4 435 439 490 506
475 5 398 431 453 470 499
476 6 426 461 492 507 525 529
477 9 394 453 496 517 518 519 520 538 541
478 6 446 455 486 489 522 523
479 6 350 467 480 511 556 560
480 5 448 451 467 479 556
481 3 385 461 491
482 3 356 388 410
483 6 410 412 503 546 582 592
484 7 430 445 456 485 504 536 539
485 4 456 484 488 539
486 6 446 447 478 514 523 533
487 7 462 493 494 495 531 542 564
488 5 456 485 489 522 539
489 5 455 456 478 488 522
490 6 439 474 506 562 579 580
491 6 385 461 481 516 529 548
492 5 458 459 476 507 534
493 10 441 458 462 487 527 531 534 535 634 638
494 7 462 463 487 495 508 540 564
495 3 462 487 494
496 4 477 500 519 572
497 6 350 449 457 505 510 551
498 5 440 452 468 469 512
499 6 453 463 464 470 475 508
500 2 496 572
501 3 472 473 504
502 4 356 410 454 509
503 4 410 483 532 592
504 9 412 413 445 472 473 484 501 536 543
505 5 350 497 511 515 551
506 6 395 435 474 490 516 562
507 6 476 492 525 526 534 586
508 7 453 463 494 499 538 540 564
509 5 410 454 502 521 532
510 5 447 457 497 514 551
511 6 350 479 505 515 551 560
512 8 440 468 498 524 528 561 567 574
513 5 466 521 554 565 569
514 6 486 510 533 551 566 583
515 3 350 505 511
516 6 385 395 491 506 548 562
517 7 477 518 520 541 552 553 557
518 4 477 517 541 552
519 3 477 496 520
520 8 477 517 519 553 568 615 620 636
521 5 466 509 513 532 554
522 6 478 488 489 523 539 550
523 5 478 486 522 533 550
524 5 440 512 544 545 561
525 4 476 507 526 529
526 9 507 525 529 530 537 586 594 606 609
527 4 458 493 534 634
528 9 451 468 471 512 567 575 589 599 614
529 10 461 476 491 525 526 530 537 548 563 625
530 3 526 529 537
531 6 487 493 535 542 570 571
532 7 410 503 509 521 591 592 595
533 5 486 514 523 550 566
534 9 458 492 493 507 527 586 634 638 648
535 5 493 531 570 635 638
536 7 484 504 539 543 549 555 596
537 7 526 529 530 594 609 619 625
538 7 453 477 508 541 577 601 602
539 8 484 485 488 522 536 550 555 644
540 3 494 508 564
541 6 477 517 518 538 557 577
542 4 487 531 564 571
543 7 412 504 536 547 549 558 559
544 7 439 440 524 545 590 605 633
545 8 524 544 561 574 589 633 663 669
546 6 412 483 547 559 582 659
547 5 412 543 546 558 559
548 4 491 516 529 563
549 7 536 543 555 559 603 661 681
550 8 522 523 533 539 566 643 644 653
551 12 497 505 510 511 514 560 578 584 585 587 588 593
552 2 517 518
553 4 517 520 557 568
554 6 513 521 569 591 595 626
555 8 536 539 549 596 603 627 640 643
556 5 451 479 480 560 573
557 6 517 541 553 568 577 581
558 3 543 547 559
559 7 543 546 547 549 558 659 661
560 6 479 511 551 556 573 578
561 4 512 524 545 574
562 7 490 506 516 563 579 600 612
563 6 529 548 562 612 625 645
564 9 487 494 508 540 542 601 602 610 611
565 2 513 569
566 6 514 533 550 583 607 653
567 4 512 528 574 589
568 5 520 553 557 581 615
569 3 513 554 565
570 4 531 535 571 635
571 6 531 542 570 610 635 639
572 2 496 500
573 8 451 556 560 576 578 598 604 608
574 5 512 545 561 567 589
575 7 451 528 576 599 613 614 618
576 8 451 573 575 608 613 622 623 624
577 4 538 541 557 581
578 6 551 560 573 588 593 598
579 4 490 562 580 600
580 7 490 579 590 600 605 646 656
581 5 557 568 577 602 615
582 7 483 546 592 630 631 659 681
583 4 514 566 587 607
584 2 551 585
585 4 551 584 588 593
586 5 507 526 534 606 648
587 5 551 583 593 604 607
588 5 551 578 585 593 597
589 10 528 545 567 574 614 669 678 688 708 709
590 4 439 544 580 605
591 3 532 554 595
592 6 483 503 532 582 595 630
593 9 551 578 585 587 588 597 598 604 617
594 2 526 537
595 6 532 554 591 592 626 630
596 2 536 555
597 2 588 593
598 4 573 578 593 604
599 2 528 575
600 5 562 579 580 612 646
601 3 538 564 602
602 6 538 564 581 601 615 629
603 5 549 555 627 681 715
604 10 573 587 593 598 607 608 616 617 621 622
605 5 544 580 590 633 656
606 6 526 586 609 648 672 704
607 6 566 583 587 604 616 653
608 4 573 576 604 622
609 5 526 537 606 619 704
610 6 564 571 611 639 647 652
611 5 564 610 629 652 699
612 5 562 563 600 645 646
613 4 575 576 618 623
614 8 528 575 589 618 637 668 688 708
615 8 520 568 581 602 620 629 636 657
616 12 604 607 621 628 641 653 677 683 745 765 781 785
617 2 593 604
618 13 575 613 614 623 632 637 675 676 689 691 701 706 707
619 7 537 609 625 704 710 726 740
620 3 520 615 636
621 6 604 616 622 628 642 649
622 8 576 604 608 621 624 642 650 654
623 5 576 613 618 624 632
624 6 576 622 623 632 654 675
625 9 529 537 563 619 645 682 684 690 710
626 4 554 595 630 658
627 4 555 603 640 715
628 5 616 621 641 642 662
629 9 602 611 615 657 674 699 724 729 752
630 7 582 592 595 626 631 658 670
631 7 582 630 670 681 692 693 714
632 5 618 623 624 675 676
633 7 544 545 605 656 660 663 669
634 3 493 527 534
635 7 535 570 571 638 639 647 651
636 5 520 615 620 680 686
637 4 614 618 668 691
638 6 493 534 535 635 648 651
639 4 571 610 635 647
640 6 555 627 643 653 715 745
641 5 616 628 662 677 792
642 10 621 622 628 649 650 662 667 687 716 717
643 5 550 555 640 644 653
644 3 539 550 643
645 7 563 612 625 646 660 682 684
646 6 580 600 612 645 656 660
647 8 610 635 639 651 652 655 665 666
648 7 534 586 606 638 651 672 673
649 2 621 642
650 6 622 642 654 664 717 728
651 5 635 638 647 648 655
652 5 610 611 647 666 699
653 7 550 566 607 616 640 643 745
654 6 622 624 650 664 671 675
655 6 647 651 665 666 673 685
656 5 580 605 633 646 660
657 5 615 629 674 680 737
658 4 626 630 670 695
659 5 546 559 582 661 681
660 9 633 645 646 656 669 679 703 733 734
661 4 549 559 659 681
662 6 628 641 642 667 716 792
663 3 545 633 669
664 5 650 654 671 696 728
665 3 647 655 666
666 6 647 652 655 665 685 699
667 4 642 662 687 716
668 5 614 637 691 700 708
669 6 545 589 633 660 663 679
670 6 630 631 658 692 695 698
671 4 654 664 675 696
672 6 606 648 673 685 704 719
673 4 648 655 672 685
674 7 629 657 680 711 737 752 761
675 9 618 624 632 654 671 676 689 696 741
676 3 618 632 675
677 6 616 641 683 785 789 792
678 5 589 679 697 709 718
679 5 660 669 678 697 703
680 6 636 657 674 686 694 711
681 10 549 582 603 631 659 661 693 715 722 723
682 3 625 645 684
683 3 616 677 765
684 8 625 645 682 690 710 725 734 739
685 6 655 666 672 673 719 721
686 3 636 680 694
687 3 642 667 716
688 2 589 614
689 7 618 675 706 707 741 772 778
690 3 625 684 710
691 5 618 637 668 700 701
692 8 631 670 698 705 714 730 735 736
693 4 631 681 705 714
694 4 680 686 711 712
695 6 658 670 698 747 748 749
696 9 664 671 675 728 741 769 772 774 775
697 4 678 679 702 703
698 7 670 692 695 736 738 748 753
699 6 611 629 652 666 721 724
700 7 668 691 701 708 773 778 786
701 5 618 691 700 707 778
702 6 697 703 713 718 731 779
703 6 660 679 697 702 713 732
704 7 606 609 619 672 719 726 727
705 9 692 693 714 722 730 750 760 771 780
706 3 618 689 707
707 5 618 689 701 706 778
708 8 589 614 668 700 709 773 776 790
709 5 589 678 708 718 790
710 6 619 625 684 690 725 740
711 5 674 680 694 712 761
712 4 694 711 761 783
713 5 702 703 731 732 746
714 4 631 692 693 705
715 8 603 627 640 681 723 745 768 781
716 9 642 662 667 687 717 720 777 792 798
717 5 642 650 716 720 728
718 7 678 702 709 731 779 790 801
719 5 672 685 704 721 727
720 4 716 717 728 777
721 8 685 699 719 724 727 742 806 835
722 9 681 705 723 751 754 759 760 762 763
723 5 681 715 722 751 768
724 7 629 699 721 729 742 743 744
725 6 684 710 739 740 782 816
726 5 619 704 727 740 793
727 6 704 719 721 726 793 835
728 10 650 664 696 717 720 769 775 777 846 856
729 4 629 724 744 752
730 5 692 705 735 736 750
731 8 702 713 718 746 779 801 815 859
732 4 703 713 733 746
733 6 660 732 734 739 746 766
734 4 660 684 733 739
735 3 692 730 736
736 12 692 698 730 735 738 750 767 817 820 853 854 872
737 2 657 674
738 4 698 736 753 817
739 7 684 725 733 734 766 770 782
740 6 619 710 725 726 793 816
741 4 675 689 696 772
742 8 721 724 743 794 795 802 806 821
743 7 724 742 744 794 795 808 812
744 6 724 729 743 752 807 808
745 5 616 640 653 715 781
746 14 713 731 732 733 766 800 805 859 860 885 891 907 909 923
747 2 695 749
748 8 695 698 749 753 755 756 757 758
749 3 695 747 748
750 6 705 730 736 780 803 820
751 6 722 723 763 764 768 784
752 11 629 674 729 744 761 783 807 809 813 822 825
753 6 698 738 748 755 767 817
754 3 722 759 760
755 4 748 753 758 767
756 3 748 757 791
757 6 748 756 758 767 791 849
758 4 748 755 757 767
759 5 722 754 760 762 764
760 6 705 722 754 759 764 771
761 5 674 711 712 752 783
762 5 722 759 763 764 787
763 5 722 751 762 764 787
764 11 751 759 760 762 763 771 780 784 787 810 823
765 2 616 683
766 5 733 739 746 770 805
767 9 736 753 755 757 758 817 849 868 872
768 6 715 723 751 781 784 788
769 4 696 728 774 775
770 5 739 766 782 800 805
771 4 705 760 764 780
772 10 689 696 741 775 778 799 881 882 883 884
773 6 700 708 776 786 827 837
774 3 696 769 775
775 8 696 728 769 772 774 856 881 882
776 4 708 773 790 827
777 6 716 720 728 798 826 846
778 9 689 700 701 707 772 786 799 836 837
779 3 702 718 731
780 6 705 750 764 771 803 810
781 8 616 715 745 768 785 788 804 814
782 9 725 739 770 800 811 816 828 838 839
783 4 712 752 761 822
784 5 751 764 768 788 823
785 5 616 677 781 789 814
786 4 700 773 778 837
787 3 762 763 764
788 7 768 781 784 804 823 830 855
789 7 677 785 792 814 851 862 888
790 8 708 709 718 776 801 815 827 831
791 4 756 757 796 842
792 7 641 662 677 716 789 797 851
793 5 726 727 740 816 835
794 3 742 743 795
795 5 742 743 794 802 812
796 3 791 842 849
797 5 792 798 826 851 862
798 4 716 777 797 826
799 9 772 778 836 843 874 875 876 884 886
800 6 746 770 782 805 811 860
801 4 718 731 790 815
802 6 742 795 812 818 821 829
803 6 750 780 810 850 858 956
804 5 781 788 814 855 888
805 4 746 766 770 800
806 7 721 742 816 821 835 861 865
807 4 744 752 808 809
808 9 743 744 807 809 812 813 819 824 832
809 4 752 807 808 813
810 10 764 780 803 823 830 833 893 942 952 957
811 6 782 800 828 860 912 913
812 6 743 795 802 808 818 819
813 5 752 808 809 824 825
814 5 781 785 789 804 888
815 5 731 790 801 831 859
816 7 725 740 782 793 806 835 839
817 4 736 738 753 767
818 6 802 812 819 829 847 877
819 6 808 812 818 832 844 847
820 4 736 750 850 853
821 5 742 802 806 829 852
822 4 752 783 825 840
823 6 764 784 788 810 830 833
824 4 808 813 825 832
825 10 752 813 822 824 832 840 841 845 847 848
826 5 777 797 798 846 862
827 8 773 776 790 831 834 837 843 863
828 4 782 811 838 912
829 6 802 818 821 852 870 877
830 8 788 810 823 833 855 888 893 942
831 9 790 815 827 834 859 869 875 887 921
832 6 808 819 824 825 844 845
833 4 810 823 830 893
834 5 827 831 843 875 887
835 5 721 727 793 806 816
836 3 778 799 843
837 7 773 778 786 827 843 863 864
838 5 782 828 839 892 912
839 6 782 816 838 861 877 892
840 6 822 825 841 906 914 916
841 5 825 840 848 879 906
842 3 791 796 849
843 8 799 827 834 836 837 863 864 875
844 4 819 832 845 847
845 4 825 832 844 847
846 7 728 777 826 856 862 866 867
847 8 818 819 825 844 845 848 877 879
848 4 825 841 847 879
849 5 757 767 796 842 868
850 5 803 820 853 857 858
851 4 789 792 797 862
852 5 821 829 865 870 877
853 6 736 820 850 854 857 873
854 6 736 853 872 873 878 880
855 4 788 804 830 888
856 6 728 775 846 866 882 896
857 6 850 853 858 873 899 900
858 6 803 850 857 900 956 987
859 8 731 746 815 831 869 871 908 909
860 6 746 800 811 885 907 913
861 4 806 839 865 877
862 8 789 797 826 846 851 867 888 889
863 3 827 837 843
864 2 837 843
865 4 806 852 861 877
866 4 846 856 867 896
867 9 846 862 866 889 896 910 926 928 930
868 4 767 849 872 918
869 9 831 859 871 909 921 947 948 975 976
870 3 829 852 877
871 4 859 869 908 909
872 7 736 767 854 868 878 918 934
873 9 853 854 857 880 899 935 941 944 965
874 7 799 876 886 890 902 919 929
875 8 799 831 834 843 876 887 911 921
876 7 799 874 875 890 911 920 921
877 15 818 829 839 847 852 861 865 870 879 892 898 903 917 924 925
878 4 854 872 880 934
879 8 841 847 848 877 903 904 905 906
880 5 854 873 878 934 935
881 2 772 775
882 6 772 775 856 883 895 896
883 4 772 882 884 895
884 5 772 799 883 886 897
885 4 746 860 891 907
886 5 799 874 884 897 902
887 3 831 834 875
888 14 789 804 814 830 855 862 889 894 901 942 945 946 961 980
889 7 862 867 888 894 928 931 938
890 4 874 876 920 929
891 3 746 885 907
892 5 838 839 877 898 912
893 3 810 830 833
894 7 888 889 901 938 966 981 988
895 6 882 883 896 897 937 940
896 7 856 866 867 882 895 910 937
897 7 884 886 895 902 919 940 992
898 6 877 892 912 924 933 943
899 4 857 873 900 965
900 5 857 858 899 965 987
901 7 888 894 980 981 988 994 995
902 4 874 886 897 919
903 5 877 879 905 915 917
904 3 879 905 906
905 5 879 903 904 906 915
906 8 840 841 879 904 905 915 916 917
907 6 746 860 885 891 913 923
908 3 859 871 909
909 8 746 859 869 871 908 923 936 954
910 4 867 896 926 937
911 3 875 876 921
912 8 811 828 838 892 898 913 943 949
913 9 811 860 907 912 923 949 962 971 972
914 3 840 916 939
915 4 903 905 906 917
916 11 840 906 914 917 925 939 950 964 999 1001 1007
917 6 877 903 906 915 916 925
918 3 868 872 922
919 7 874 897 902 929 992 1008 1013
920 5 876 890 921 927 929
921 11 831 869 875 876 911 920 927 932 947 948 953
922 3 918 934 951
923 9 746 907 909 913 954 971 978 984 985
924 4 877 898 925 933
925 13 877 916 917 924 933 950 955 960 968 969 1014 1025 1034
926 6 867 910 930 937 967 970
927 5 920 921 929 932 974
928 4 867 889 930 931
929 9 874 890 919 920 927 974 1013 1049 1059
930 6 867 926 928 931 970 973
931 9 889 928 930 938 973 988 1003 1004 1005
932 5 921 927 948 953 974
933 6 898 924 925 943 968 969
934 12 872 878 880 922 935 941 951 965 979 1044 1072 1098
935 4 873 880 934 941
936 5 909 954 976 978 1009
937 6 895 896 910 926 940 967
938 5 889 894 931 966 988
939 5 914 916 958 964 1011
940 8 895 897 937 967 992 1000 1008 1012
941 5 873 934 935 944 965
942 6 810 830 888 945 952 1024
943 5 898 912 933 963 968
944 3 873 941 965
945 5 888 942 946 1024 1056
946 4 888 945 961 1056
947 3 869 921 948
948 9 869 921 932 947 974 975 977 982 983
949 4 912 913 962 963
950 5 916 925 955 1007 1018
951 2 922 934
952 6 810 942 956 957 987 1021
953 2 921 932
954 4 909 923 936 978
955 6 925 950 959 960 1018 1054
956 6 803 858 952 957 987 1021
957 3 810 952 956
958 2 939 1011
959 6 955 960 991 1017 1054 1060
960 9 925 955 959 991 1016 1017 1031 1035 1036
961 4 888 946 980 1056
962 7 913 949 963 972 986 1014 1015
963 5 943 949 962 968 986
964 5 916 939 999 1001 1011
965 13 873 899 900 934 941 944 987 1023 1029 1037 1040 1098 1105
966 3 894 938 988
967 5 926 937 940 970 1000
968 7 925 933 943 963 969 986 1014
969 3 925 933 968
970 6 926 930 967 973 1000 1002
971 7 913 923 972 984 998 1022 1025
972 5 913 962 971 1015 1022
973 5 930 931 970 1002 1006
974 10 927 929 932 948 977 990 993 1059 1061 1062
975 6 869 948 976 983 989 1009
976 4 869 936 975 1009
977 5 948 974 982 989 990
978 6 923 936 954 985 1009 1026
979 3 934 1044 1072
980 6 888 901 961 994 1056 1100
981 2 894 901
982 4 948 977 983 989
983 4 948 975 982 989
984 5 923 971 985 997 998
985 6 923 978 984 997 1026 1033
986 4 962 963 968 1014
987 9 858 900 952 956 965 1023 1024 1029 1075
988 8 894 901 931 938 966 995 1003 1038
989 7 975 977 982 983 990 1009 1030
990 6 974 977 989 993 996 1030
991 3 959 960 1017
992 4 897 919 940 1008
993 6 974 990 996 1061 1090 1095
994 6 901 980 995 1100 1138 1152
995 7 901 988 994 1038 1068 1108 1152
996 6 990 993 1030 1046 1063 1090
997 7 984 985 998 1025 1033 1042 1043
998 3 971 984 997
999 3 916 964 1001
1000 6 940 967 970 1002 1012 1069
1001 7 916 964 999 1007 1010 1019 1020
1002 8 970 973 1000 1005 1006 1050 1069 1073
1003 9 931 988 1004 1005 1038 1045 1050 1057 1058
1004 3 931 1003 1005
1005 6 931 1002 1003 1004 1006 1050
1006 3 973 1002 1005
1007 5 916 950 1001 1010 1018
1008 11 919 940 992 1012 1013 1032 1041 1052 1069 1081 1094
1009 7 936 975 976 978 989 1026 1030
1010 5 1001 1007 1018 1019 1027
1011 4 939 958 964 1020
1012 4 940 1000 1008 1069
1013 6 919 929 1008 1032 1041 1049
1014 6 925 962 968 986 1015 1025
1015 5 962 972 1014 1022 1025
1016 4 960 1017 1031 1039
1017 9 959 960 991 1016 1039 1060 1066 1078 1112
1018 8 950 955 1007 1010 1027 1028 1051 1055
1019 5 1001 1010 1020 1027 1028
1020 7 1001 1011 1019 1028 1113 1114 1125
1021 2 952 956
1022 4 971 972 1015 1025
1023 3 965 987 1029
1024 5 942 945 987 1056 1076
1025 10 925 971 997 1014 1015 1022 1034 1043 1053 1065
1026 8 978 985 1009 1033 1042 1047 1048 1063
1027 4 1010 1018 1019 1028
1028 10 1018 1019 1020 1027 1051 1055 1074 1092 1113 1114
1029 7 965 987 1023 1037 1075 1087 1088
1030 7 989 990 996 1009 1046 1047 1048
1031 5 960 1016 1035 1036 1039
1032 3 1008 1013 1041
1033 4 985 997 1026 1042
1034 6 925 1025 1035 1065 1084 1085
1035 8 960 1031 1034 1036 1039 1077 1085 1086
1036 3 960 1031 1035
1037 6 965 1029 1040 1087 1121 1145
1038 9 988 995 1003 1045 1058 1068 1093 1101 1102
1039 7 1016 1017 1031 1035 1066 1077 1097
1040 6 965 1037 1099 1121 1144 1145
1041 7 1008 1013 1032 1049 1052 1081 1103
1042 7 997 1026 1033 1043 1063 1064 1096
1043 5 997 1025 1042 1053 1064
1044 7 934 979 1067 1072 1098 1128 1141
1045 3 1003 1038 1058
1046 4 996 1030 1047 1063
1047 5 1026 1030 1046 1048 1063
1048 3 1026 1030 1047
1049 6 929 1013 1041 1059 1103 1120
1050 8 1002 1003 1005 1057 1073 1079 1080 1089
1051 3 1018 1028 1055
1052 3 1008 1041 1081
1053 10 1025 1043 1064 1065 1070 1071 1091 1122 1133 1134
1054 4 955 959 1055 1060
1055 6 1018 1028 1051 1054 1060 1074
1056 9 945 946 961 980 1024 1076 1088 1100 1115
1057 5 1003 1050 1058 1089 1106
1058 6 1003 1038 1045 1057 1102 1106
1059 6 929 974 1049 1062 1120 1158
1060 8 959 1017 1054 1055 1074 1112 1124 1127
1061 6 974 993 1062 1095 1158 1170
1062 4 974 1059 1061 1158
1063 9 996 1026 1042 1046 1047 1090 1095 1096 1133
1064 4 1042 1043 1053 1096
1065 7 1025 1034 1053 1071 1082 1083 1084
1066 4 1017 1039 1078 1097
1067 3 1044 1119 1128
1068 6 995 1038 1093 1101 1108 1129
1069 7 1000 1002 1008 1012 1073 1080 1094
1070 6 1053 1071 1091 1134 1162 1164
1071 6 1053 1065 1070 1082 1107 1164
1072 3 934 979 1044
1073 4 1002 1050 1069 1080
1074 6 1028 1055 1060 1092 1124 1125
1075 4 987 1029 1076 1088
1076 4 1024 1056 1075 1088
1077 5 1035 1039 1086 1097 1104
1078 5 1017 1066 1097 1112 1118
1079 5 1050 1080 1089 1116 1135
1080 11 1050 1069 1073 1079 1094 1109 1135 1157 1194 1202 1203
1081 7 1008 1041 1052 1094 1103 1109 1130
1082 4 1065 1071 1083 1107
1083 5 1065 1082 1084 1107 1110
1084 5 1034 1065 1083 1085 1110
1085 6 1034 1035 1084 1086 1110 1126
1086 5 1035 1077 1085 1104 1126
1087 6 1029 1037 1088 1115 1145 1146
1088 6 1029 1056 1075 1076 1087 1115
1089 5 1050 1057 1079 1106 1116
1090 4 993 996 1063 1095
1091 2 1053 1070
1092 4 1028 1074 1113 1125
1093 3 1038 1068 1101
1094 5 1008 1069 1080 1081 1109
1095 8 993 1061 1063 1090 1165 1170 1172 1175
1096 5 1042 1063 1064 1122 1133
1097 5 1039 1066 1077 1078 1117
1098 6 934 965 1044 1105 1141 1142
1099 7 1040 1105 1144 1145 1204 1222 1227
1100 6 980 994 1056 1115 1137 1138
1101 5 1038 1068 1093 1129 1132
1102 5 1038 1058 1106 1132 1153
1103 8 1041 1049 1081 1120 1130 1183 1195 1217
1104 4 1077 1086 1117 1126
1105 6 965 1098 1099 1142 1204 1267
1106 7 1057 1058 1089 1102 1116 1153 1169
1107 8 1071 1082 1083 1110 1111 1164 1176 1178
1108 6 995 1068 1129 1152 1197 1201
1109 4 1080 1081 1094 1157
1110 9 1083 1084 1085 1107 1111 1126 1159 1178 1211
1111 4 1107 1110 1176 1178
1112 8 1017 1060 1078 1118 1147 1150 1154 1155
1113 5 1020 1028 1092 1114 1125
1114 3 1020 1028 1113
1115 7 1056 1087 1088 1100 1137 1146 1149
1116 7 1079 1089 1106 1135 1169 1188 1189
1117 5 1097 1104 1118 1123 1126
1118 6 1078 1112 1117 1123 1154 1156
1119 5 1067 1128 1136 1163 1180
1120 6 1049 1059 1103 1158 1171 1183
1121 2 1037 1040
1122 3 1053 1096 1133
1123 5 1117 1118 1126 1156 1159
1124 3 1060 1074 1127
1125 9 1020 1074 1092 1113 1127 1131 1139 1148 1168
1126 7 1085 1086 1104 1110 1117 1123 1159
1127 8 1060 1124 1125 1147 1150 1155 1168 1182
1128 7 1044 1067 1119 1136 1140 1141 1143
1129 7 1068 1101 1108 1132 1187 1193 1197
1130 5 1081 1103 1157 1194 1195
1131 2 1125 1139
1132 5 1101 1102 1129 1153 1160
1133 9 1053 1063 1096 1122 1134 1161 1165 1166 1167
1134 5 1053 1070 1133 1161 1162
1135 5 1079 1080 1116 1188 1203
1136 4 1119 1128 1140 1163
1137 9 1100 1115 1138 1149 1152 1201 1214 1246 1247
1138 4 994 1100 1137 1152
1139 4 1125 1131 1148 1250
1140 4 1128 1136 1143 1163
1141 7 1044 1098 1128 1142 1163 1180 1200
1142 10 1098 1105 1141 1200 1204 1267 1275 1284 1308 1315
1143 3 1128 1140 1163
1144 3 1040 1099 1145
1145 6 1037 1040 1087 1099 1144 1146
1146 6 1087 1115 1145 1149 1151 1222
1147 3 1112 1127 1150
1148 9 1125 1139 1168 1179 1237 1250 1254 1282 1283
1149 7 1115 1137 1146 1151 1206 1214 1215
1150 4 1112 1127 1147 1155
1151 7 1146 1149 1206 1222 1266 1284 1300
1152 6 994 995 1108 1137 1138 1201
1153 5 1102 1106 1132 1160 1169
1154 7 1112 1118 1155 1156 1174 1177 1181
1155 8 1112 1127 1150 1154 1177 1181 1182 1186
1156 4 1118 1123 1154 1174
1157 4 1080 1109 1130 1194
1158 11 1059 1061 1062 1120 1170 1171 1172 1184 1225 1226 1235
1159 6 1110 1123 1126 1174 1191 1211
1160 8 1132 1153 1169 1187 1198 1264 1272 1273
1161 4 1133 1134 1162 1167
1162 6 1070 1134 1161 1164 1167 1292
1163 6 1119 1136 1140 1141 1143 1180
1164 6 1070 1071 1107 1162 1178 1292
1165 4 1095 1133 1166 1175
1166 7 1133 1165 1167 1173 1175 1185 1190
1167 7 1133 1161 1162 1166 1173 1248 1292
1168 9 1125 1127 1148 1179 1182 1213 1253 1288 1289
1169 7 1106 1116 1153 1160 1189 1210 1272
1170 4 1061 1095 1158 1172
1171 3 1120 1158 1184
1172 5 1095 1158 1170 1175 1199
1173 8 1166 1167 1185 1196 1218 1236 1241 1248
1174 6 1154 1156 1159 1181 1191 1192
1175 6 1095 1165 1166 1172 1190 1199
1176 2 1107 1111
1177 3 1154 1155 1181
1178 7 1107 1110 1111 1164 1221 1292 1313
1179 8 1148 1168 1213 1219 1230 1237 1289 1298
1180 4 1119 1141 1163 1200
1181 6 1154 1155 1174 1177 1186 1192
1182 5 1127 1155 1168 1186 1253
1183 6 1103 1120 1184 1217 1225 1229
1184 4 1158 1171 1183 1225
1185 4 1166 1173 1190 1196
1186 5 1155 1181 1182 1192 1253
1187 6 1129 1160 1193 1198 1244 1255
1188 6 1116 1135 1189 1203 1207 1210
1189 5 1116 1169 1188 1207 1210
1190 10 1166 1175 1185 1196 1199 1218 1226 1236 1241 1242
1191 5 1159 1174 1192 1211 1212
1192 7 1174 1181 1186 1191 1211 1212 1253
1193 6 1129 1187 1197 1220 1223 1244
1194 5 1080 1130 1157 1195 1202
1195 6 1103 1130 1194 1202 1216 1217
1196 4 1173 1185 1190 1218
1197 7 1108 1129 1193 1205 1208 1209 1220
1198 4 1160 1187 1255 1264
1199 4 1172 1175 1190 1226
1200 8 1141 1142 1180 1275 1290 1317 1341 1355
1201 5 1108 1137 1152 1205 1243
1202 5 1080 1194 1195 1203 1216
1203 9 1080 1135 1188 1202 1210 1216 1231 1232 1233
1204 6 1099 1105 1142 1227 1267 1284
1205 5 1197 1201 1208 1224 1243
1206 4 1149 1151 1215 1266
1207 3 1188 1189 1210
1208 4 1197 1205 1209 1224
1209 4 1197 1208 1220 1224
1210 7 1169 1188 1189 1203 1207 1231 1274
1211 9 1110 1159 1191 1192 1212 1221 1249 1253 1262
1212 3 1191 1192 1211
1213 5 1168 1179 1219 1230 1289
1214 4 1137 1149 1246 1263
1215 6 1149 1206 1263 1266 1297 1300
1216 4 1195 1202 1203 1217
1217 7 1103 1183 1195 1216 1233 1234 1238
1218 4 1173 1190 1196 1236
1219 3 1179 1213 1230
1220 6 1193 1197 1209 1223 1224 1228
1221 7 1178 1211 1249 1271 1279 1286 1313
1222 4 1099 1146 1151 1227
1223 4 1193 1220 1228 1244
1224 12 1205 1208 1209 1220 1243 1251 1294 1303 1309 1323 1345 1348
1225 6 1158 1183 1184 1229 1235 1252
1226 5 1158 1190 1199 1235 1242
1227 4 1099 1204 1222 1284
1228 6 1220 1223 1244 1251 1323 1326
1229 6 1183 1225 1238 1240 1245 1252
1230 4 1179 1213 1219 1289
1231 7 1203 1210 1232 1239 1272 1274 1285
1232 6 1203 1231 1233 1239 1240 1265
1233 5 1203 1217 1232 1234 1240
1234 4 1217 1233 1238 1240
1235 8 1158 1225 1226 1242 1252 1257 1261 1354
1236 4 1173 1190 1218 1241
1237 4 1148 1179 1254 1298
1238 3 1217 1229 1234
1239 5 1231 1232 1265 1277 1285
1240 6 1229 1232 1233 1234 1245 1265
1241 8 1173 1190 1236 1242 1248 1256 1259 1260
1242 10 1190 1226 1235 1241 1256 1261 1278 1357 1358 1365
1243 5 1201 1205 1224 1247 1294
1244 7 1187 1193 1223 1228 1255 1273 1326
1245 5 1229 1240 1252 1268 1269
1246 7 1137 1214 1247 1263 1294 1297 1302
1247 4 1137 1243 1246 1294
1248 8 1167 1173 1241 1260 1292 1304 1312 1329
1249 6 1211 1221 1262 1271 1280 1281
1250 2 1139 1148
1251 3 1224 1228 1323
1252 8 1225 1229 1235 1245 1257 1258 1268 1270
1253 9 1168 1182 1186 1192 1211 1262 1281 1287 1288
1254 9 1148 1237 1282 1283 1298 1320 1327 1334 1335
1255 5 1187 1198 1244 1264 1273
1256 7 1241 1242 1259 1304 1332 1353 1358
1257 6 1235 1252 1258 1354 1367 1370
1258 6 1252 1257 1270 1276 1311 1370
1259 4 1241 1256 1260 1304
1260 4 1241 1248 1259 1304
1261 6 1235 1242 1278 1354 1363 1379
1262 4 1211 1249 1253 1281
1263 4 1214 1215 1246 1297
1264 4 1160 1198 1255 1273
1265 9 1232 1239 1240 1269 1276 1277 1291 1310 1311
1266 4 1151 1206 1215 1300
1267 3 1105 1142 1204
1268 4 1245 1252 1269 1270
1269 5 1245 1265 1268 1270 1276
1270 5 1252 1258 1268 1269 1276
1271 6 1221 1249 1279 1280 1319 1324
1272 6 1160 1169 1231 1273 1274 1285
1273 9 1160 1244 1255 1264 1272 1285 1295 1316 1338
1274 3 1210 1231 1272
1275 7 1142 1200 1290 1315 1317 1322 1328
1276 5 1258 1265 1269 1270 1311
1277 6 1239 1265 1285 1291 1295 1356
1278 5 1242 1261 1357 1363 1364
1279 9 1221 1271 1286 1293 1296 1318 1324 1350 1351
1280 5 1249 1271 1281 1319 1324
1281 7 1249 1253 1262 1280 1287 1324 1331
1282 3 1148 1254 1283
1283 3 1148 1254 1282
1284 6 1142 1151 1204 1227 1307 1308
1285 8 1231 1239 1272 1273 1277 1295 1299 1316
1286 6 1221 1279 1293 1313 1389 1394
1287 4 1253 1281 1288 1331
1288 7 1168 1253 1287 1289 1301 1333 1337
1289 6 1168 1179 1213 1230 1288 1301
1290 3 1200 1275 1317
1291 5 1265 1277 1310 1356 1369
1292 8 1162 1164 1167 1178 1248 1312 1313 1314
1293 5 1279 1286 1296 1349 1394
1294 8 1224 1243 1246 1247 1302 1303 1305 1306
1295 9 1273 1277 1285 1299 1316 1338 1352 1356 1376
1296 12 1279 1293 1318 1349 1374 1375 1395 1396 1402 1405 1406 1407
1297 7 1215 1246 1263 1300 1302 1321 1342
1298 5 1179 1237 1254 1301 1320
1299 3 1285 1295 1316
1300 7 1151 1215 1266 1297 1307 1308 1321
1301 8 1288 1289 1298 1320 1333 1336 1339 1340
1302 6 1246 1294 1297 1305 1342 1361
1303 4 1224 1294 1306 1309
1304 6 1248 1256 1259 1260 1329 1332
1305 5 1294 1302 1306 1361 1362
1306 6 1294 1303 1305 1309 1344 1362
1307 3 1284 1300 1308
1308 11 1142 1284 1300 1307 1315 1321 1322 1325 1342 1359 1360
1309 8 1224 1303 1306 1344 1348 1372 1377 1378
1310 6 1265 1291 1311 1369 1382 1418
1311 6 1258 1265 1276 1310 1370 1382
1312 6 1248 1292 1313 1314 1329 1389
1313 7 1178 1221 1286 1292 1312 1314 1389
1314 3 1292 1312 1313
1315 4 1142 1275 1308 1322
1316 4 1273 1285 1295 1299
1317 6 1200 1275 1290 1328 1341 1391
1318 4 1279 1296 1351 1374
1319 3 1271 1280 1324
1320 6 1254 1298 1301 1327 1330 1336
1321 4 1297 1300 1308 1342
1322 5 1275 1308 1315 1325 1328
1323 7 1224 1228 1251 1326 1345 1346 1347
1324 8 1271 1279 1280 1281 1319 1331 1350 1385
1325 6 1308 1322 1328 1359 1360 1366
1326 5 1228 1244 1323 1338 1346
1327 6 1254 1320 1330 1334 1335 1343
1328 8 1275 1317 1322 1325 1366 1391 1401 1436
1329 5 1248 1304 1312 1332 1389
1330 7 1320 1327 1336 1343 1368 1386 1387
1331 6 1281 1287 1324 1337 1385 1390
1332 7 1256 1304 1329 1358 1389 1410 1437
1333 4 1288 1301 1337 1339
1334 3 1254 1327 1335
1335 4 1254 1327 1334 1343
1336 7 1301 1320 1330 1340 1368 1398 1399
1337 6 1288 1331 1333 1339 1390 1397
1338 8 1273 1295 1326 1346 1347 1352 1373 1417
1339 4 1301 1333 1337 1340
1340 6 1301 1336 1339 1397 1398 1412
1341 9 1200 1317 1355 1391 1415 1435 1438 1447 1454
1342 7 1297 1302 1308 1321 1360 1361 1362
1343 6 1327 1330 1335 1386 1428 1434
1344 5 1306 1309 1362 1371 1372
1345 5 1224 1323 1347 1348 1403
1346 4 1323 1326 1338 1347
1347 8 1323 1338 1345 1346 1348 1393 1403 1417
1348 8 1224 1309 1345 1347 1378 1393 1403 1462
1349 4 1293 1296 1394 1395
1350 7 1279 1324 1351 1375 1385 1396 1420
1351 4 1279 1318 1350 1375
1352 8 1295 1338 1373 1376 1380 1381 1392 1393
1353 2 1256 1358
1354 7 1235 1257 1261 1367 1379 1404 1409
1355 3 1200 1341 1415
1356 5 1277 1291 1295 1369 1376
1357 4 1242 1278 1364 1365
1358 7 1242 1256 1332 1353 1365 1410 1411
1359 3 1308 1325 1360
1360 8 1308 1325 1342 1359 1362 1366 1388 1442
1361 4 1302 1305 1342 1362
1362 8 1305 1306 1342 1344 1360 1361 1371 1388
1363 6 1261 1278 1364 1379 1383 1384
1364 6 1278 1357 1363 1365 1383 1384
1365 8 1242 1357 1358 1364 1384 1411 1449 1450
1366 8 1325 1328 1360 1401 1436 1442 1494 1497
1367 5 1257 1354 1370 1382 1408
1368 4 1330 1336 1387 1400
1369 10 1291 1310 1356 1376 1380 1456 1463 1465 1466 1476
1370 5 1257 1258 1311 1367 1382
1371 5 1344 1362 1372 1377 1388
1372 4 1309 1344 1371 1377
1373 4 1338 1352 1393 1417
1374 2 1296 1318
1375 4 1296 1350 1351 1396
1376 5 1295 1352 1356 1369 1380
1377 7 1309 1371 1372 1378 1388 1459 1464
1378 6 1309 1348 1377 1455 1461 1462
1379 8 1261 1354 1363 1384 1409 1439 1472 1496
1380 5 1352 1369 1376 1381 1465
1381 5 1352 1380 1392 1465 1492
1382 6 1310 1311 1367 1370 1418 1419
1383 3 1363 1364 1384
1384 7 1363 1364 1365 1379 1383 1450 1472
1385 5 1324 1331 1350 1390 1420
1386 4 1330 1343 1387 1433
1387 6 1330 1368 1386 1400 1433 1467
1388 8 1360 1362 1371 1377 1442 1459 1460 1468
1389 7 1286 1312 1313 1329 1332 1394 1437
1390 8 1331 1337 1385 1397 1420 1424 1426 1427
1391 5 1317 1328 1341 1401 1435
1392 7 1352 1381 1393 1492 1498 1508 1522
1393 9 1347 1348 1352 1373 1392 1417 1462 1522 1527
1394 7 1286 1293 1349 1389 1395 1437 1446
1395 7 1296 1349 1394 1405 1423 1430 1446
1396 5 1296 1350 1375 1402 1425
1397 7 1337 1340 1390 1412 1424 1429 1432
1398 6 1336 1340 1399 1412 1413 1414
1399 6 1336 1398 1400 1414 1416 1441
1400 5 1368 1387 1399 1416 1467
1401 8 1328 1366 1391 1435 1436 1448 1474 1494
1402 8 1296 1396 1407 1425 1443 1451 1469 1489
1403 3 1345 1347 1348
1404 6 1354 1408 1409 1421 1439 1505
1405 6 1296 1395 1406 1423 1451 1502
1406 4 1296 1405 1407 1451
1407 4 1296 1402 1406 1451
1408 5 1367 1404 1419 1421 1422
1409 4 1354 1379 1404 1439
1410 4 1332 1358 1411 1437
1411 5 1358 1365 1410 1445 1449
1412 5 1340 1397 1398 1413 1432
1413 5 1398 1412 1414 1432 1440
1414 6 1398 1399 1413 1440 1441 1493
1415 4 1341 1355 1438 1452
1416 9 1399 1400 1441 1467 1484 1485 1486 1487 1490
1417 4 1338 1347 1373 1393
1418 7 1310 1382 1419 1463 1476 1495 1499
1419 5 1382 1408 1418 1422 1499
1420 6 1350 1385 1390 1425 1426 1443
1421 4 1404 1408 1422 1505
1422 7 1408 1419 1421 1499 1504 1505 1506
1423 4 1395 1405 1430 1502
1424 4 1390 1397 1427 1429
1425 4 1396 1402 1420 1443
1426 4 1390 1420 1427 1431
1427 8 1390 1424 1426 1429 1431 1457 1473 1525
1428 2 1343 1434
1429 7 1397 1424 1427 1432 1440 1444 1457
1430 7 1395 1423 1446 1502 1540 1545 1546
1431 5 1426 1427 1443 1470 1473
1432 5 1397 1412 1413 1429 1440
1433 5 1386 1387 1434 1467 1486
1434 5 1343 1428 1433 1486 1526
1435 5 1341 1391 1401 1447 1448
1436 3 1328 1366 1401
1437 6 1332 1389 1394 1410 1445 1446
1438 5 1341 1415 1452 1453 1454
1439 8 1379 1404 1409 1496 1505 1513 1514 1518
1440 7 1413 1414 1429 1432 1444 1457 1493
1441 5 1399 1414 1416 1490 1493
1442 5 1360 1366 1388 1468 1497
1443 6 1402 1420 1425 1431 1469 1470
1444 3 1429 1440 1457
1445 5 1411 1437 1446 1449 1481
1446 7 1394 1395 1430 1437 1445 1481 1545
1447 5 1341 1435 1448 1454 1471
1448 5 1401 1435 1447 1471 1474
1449 7 1365 1411 1445 1450 1481 1500 1501
1450 10 1365 1384 1449 1472 1501 1507 1577 1606 1621 1622
1451 7 1402 1405 1406 1407 1489 1502 1523
1452 6 1415 1438 1453 1458 1515 1516
1453 5 1438 1452 1454 1515 1517
1454 7 1341 1438 1447 1453 1471 1517 1529
1455 5 1378 1461 1464 1480 1521
1456 4 1369 1463 1476 1495
1457 6 1427 1429 1440 1444 1493 1525
1458 4 1452 1516 1520 1537
1459 5 1377 1388 1460 1464 1478
1460 9 1388 1459 1468 1478 1488 1491 1503 1551 1552
1461 7 1378 1455 1462 1521 1531 1541 1542
1462 6 1348 1378 1393 1461 1527 1531
1463 7 1369 1418 1456 1466 1495 1511 1543
1464 6 1377 1455 1459 1475 1478 1479
1465 7 1369 1380 1381 1466 1492 1535 1543
1466 4 1369 1463 1465 1543
1467 5 1387 1400 1416 1433 1486
1468 6 1388 1442 1460 1488 1497 1510
1469 5 1402 1443 1470 1477 1489
1470 7 1431 1443 1469 1473 1477 1482 1483
1471 9 1447 1448 1454 1474 1494 1529 1530 1538 1566
1472 4 1379 1384 1450 1496
1473 5 1427 1431 1470 1483 1525
1474 4 1401 1448 1471 1494
1475 3 1464 1479 1480
1476 4 1369 1418 1456 1495
1477 6 1469 1470 1482 1489 1509 1547
1478 5 1459 1460 1464 1479 1491
1479 6 1464 1475 1478 1480 1491 1503
1480 6 1455 1475 1479 1503 1521 1541
1481 7 1445 1446 1449 1500 1545 1560 1564
1482 5 1470 1477 1483 1525 1547
1483 4 1470 1473 1482 1525
1484 4 1416 1485 1490 1493
1485 4 1416 1484 1487 1562
1486 8 1416 1433 1434 1467 1487 1526 1533 1534
1487 6 1416 1485 1486 1534 1562 1589
1488 4 1460 1468 1510 1551
1489 8 1402 1451 1469 1477 1509 1523 1555 1570
1490 4 1416 1441 1484 1493
1491 5 1460 1478 1479 1503 1552
1492 7 1381 1392 1465 1498 1508 1535 1563
1493 12 1414 1440 1441 1457 1484 1490 1525 1549 1562 1571 1586 1587
1494 6 1366 1401 1471 1474 1497 1530
1495 4 1418 1456 1463 1476
1496 8 1379 1439 1472 1507 1514 1519 1544 1598
1497 6 1366 1442 1468 1494 1510 1530
1498 3 1392 1492 1508
1499 6 1418 1419 1422 1504 1511 1512
1500 4 1449 1481 1501 1560
1501 6 1449 1450 1500 1560 1577 1578
1502 7 1405 1423 1430 1451 1523 1539 1540
1503 9 1460 1479 1480 1491 1541 1551 1552 1572 1573
1504 8 1422 1499 1506 1511 1512 1518 1559 1585
1505 6 1404 1421 1422 1439 1506 1513
1506 5 1422 1504 1505 1513 1518
1507 6 1450 1496 1519 1544 1556 1606
1508 5 1392 1492 1498 1522 1563
1509 4 1477 1489 1547 1570
1510 5 1468 1488 1497 1530 1551
1511 8 1463 1499 1504 1512 1582 1583 1584 1585
1512 3 1499 1504 1511
1513 4 1439 1505 1506 1518
1514 4 1439 1496 1518 1536
1515 3 1452 1453 1516
1516 7 1452 1458 1515 1517 1524 1537 1657
1517 6 1453 1454 1516 1524 1528 1529
1518 8 1439 1504 1506 1513 1514 1536 1558 1559
1519 3 1496 1507 1544
1520 2 1458 1537
1521 4 1455 1461 1480 1541
1522 6 1392 1393 1508 1527 1563 1569
1523 5 1451 1489 1502 1554 1555
1524 5 1516 1517 1528 1592 1657
1525 14 1427 1457 1473 1482 1483 1493 1547 1548 1549 1561 1607 1616 1619 1642
1526 4 1434 1486 1533 1591
1527 7 1393 1462 1522 1531 1567 1568 1569
1528 6 1517 1524 1529 1532 1575 1592
1529 7 1454 1471 1517 1528 1532 1565 1566
1530 7 1471 1494 1497 1510 1538 1550 1551
1531 6 1461 1462 1527 1542 1567 1572
1532 5 1528 1529 1565 1566 1575
1533 4 1486 1526 1534 1591
1534 6 1486 1487 1533 1589 1591 1626
1535 5 1465 1492 1543 1563 1581
1536 4 1514 1518 1558 1598
1537 3 1458 1516 1520
1538 7 1471 1530 1550 1566 1597 1608 1658
1539 4 1502 1540 1554 1557
1540 9 1430 1502 1539 1546 1554 1557 1590 1600 1615
1541 6 1461 1480 1503 1521 1542 1572
1542 3 1461 1531 1541
1543 6 1463 1465 1466 1535 1581 1582
1544 5 1496 1507 1519 1556 1598
1545 5 1430 1446 1481 1546 1564
1546 6 1430 1540 1545 1564 1574 1590
1547 5 1477 1482 1509 1525 1561
1548 5 1525 1549 1553 1607 1642
1549 7 1493 1525 1548 1553 1571 1580 1643
1550 8 1530 1538 1551 1576 1613 1655 1658 1659
1551 8 1460 1488 1503 1510 1530 1550 1573 1576
1552 3 1460 1491 1503
1553 4 1548 1549 1580 1607
1554 6 1523 1539 1540 1555 1557 1600
1555 6 1489 1523 1554 1570 1599 1600
1556 5 1507 1544 1598 1605 1606
1557 3 1539 1540 1554
1558 7 1518 1536 1559 1594 1598 1605 1620
1559 5 1504 1518 1558 1585 1594
1560 6 1481 1500 1501 1564 1578 1579
1561 5 1525 1547 1570 1616 1619
1562 6 1485 1487 1493 1587 1589 1611
1563 8 1492 1508 1522 1535 1568 1569 1581 1593
1564 6 1481 1545 1546 1560 1574 1579
1565 3 1529 1532 1566
1566 10 1471 1529 1532 1538 1565 1575 1595 1596 1597 1608
1567 7 1527 1531 1568 1572 1593 1638 1651
1568 5 1527 1563 1567 1569 1593
1569 4 1522 1527 1563 1568
1570 7 1489 1509 1555 1561 1599 1619 1632
1571 6 1493 1549 1586 1610 1617 1643
1572 9 1503 1531 1541 1567 1573 1609 1634 1637 1638
1573 7 1503 1551 1572 1588 1609 1640 1656
1574 8 1546 1564 1578 1579 1590 1631 1644 1654
1575 4 1528 1532 1566 1592
1576 4 1550 1551 1588 1613
1577 5 1450 1501 1578 1621 1625
1578 7 1501 1560 1574 1577 1579 1625 1644
1579 4 1560 1564 1574 1578
1580 6 1549 1553 1607 1643 1645 1668
1581 6 1535 1543 1563 1593 1601 1603
1582 5 1511 1543 1583 1601 1603
1583 7 1511 1582 1584 1602 1603 1646 1652
1584 6 1511 1583 1585 1602 1604 1612
1585 7 1504 1511 1559 1584 1594 1612 1614
1586 4 1493 1571 1587 1610
1587 6 1493 1562 1586 1610 1611 1618
1588 6 1573 1576 1613 1655 1656 1679
1589 7 1487 1534 1562 1611 1618 1626 1633
1590 5 1540 1546 1574 1615 1631
1591 4 1526 1533 1534 1626
1592 8 1524 1528 1575 1595 1623 1657 1689 1703
1593 6 1563 1567 1568 1581 1603 1651
1594 6 1558 1559 1585 1614 1620 1647
1595 5 1566 1592 1596 1623 1624
1596 10 1566 1595 1597 1624 1670 1709 1710 1712 1721 1722
1597 5 1538 1566 1596 1608 1670
1598 6 1496 1536 1544 1556 1558 1605
1599 6 1555 1570 1600 1632 1635 1636
1600 6 1540 1554 1555 1599 1615 1636
1601 3 1581 1582 1603
1602 5 1583 1584 1604 1641 1652
1603 6 1581 1582 1583 1593 1601 1646
1604 5 1584 1602 1612 1641 1674
1605 7 1556 1558 1598 1606 1620 1622 1627
1606 5 1450 1507 1556 1605 1622
1607 8 1525 1548 1553 1580 1632 1642 1645 1649
1608 3 1538 1566 1597
1609 8 1572 1573 1634 1640 1677 1684 1686 1699
1610 7 1571 1586 1587 1617 1618 1628 1633
1611 4 1562 1587 1589 1618
1612 7 1584 1585 1604 1614 1629 1674 1675
1613 4 1550 1576 1588 1655
1614 5 1585 1594 1612 1629 1647
1615 5 1540 1590 1600 1631 1636
1616 3 1525 1561 1619
1617 6 1571 1610 1628 1643 1678 1687
1618 5 1587 1589 1610 1611 1633
1619 5 1525 1561 1570 1616 1632
1620 6 1558 1594 1605 1627 1647 1648
1621 4 1450 1577 1625 1630
1622 6 1450 1605 1606 1627 1630 1639
1623 6 1592 1595 1624 1703 1706 1708
1624 5 1595 1596 1623 1708 1721
1625 8 1577 1578 1621 1630 1639 1644 1653 1654
1626 6 1534 1589 1591 1633 1682 1683
1627 6 1605 1620 1622 1639 1648 1660
1628 5 1610 1617 1633 1681 1687
1629 4 1612 1614 1647 1675
1630 4 1621 1622 1625 1639
1631 8 1574 1590 1615 1636 1654 1736 1743 1744
1632 8 1570 1599 1607 1619 1635 1661 1662 1663
1633 7 1589 1610 1618 1626 1628 1681 1682
1634 6 1572 1609 1637 1684 1685 1686
1635 5 1599 1632 1636 1661 1688
1636 9 1599 1600 1615 1631 1635 1688 1713 1717 1719
1637 4 1572 1634 1638 1650
1638 5 1567 1572 1637 1650 1651
1639 9 1622 1625 1627 1630 1653 1660 1667 1672 1676
1640 4 1573 1609 1656 1677
1641 6 1602 1604 1652 1665 1671 1674
1642 3 1525 1548 1607
1643 7 1549 1571 1580 1617 1664 1668 1669
1644 4 1574 1578 1625 1654
1645 5 1580 1607 1649 1668 1680
1646 5 1583 1603 1651 1652 1665
1647 6 1594 1614 1620 1629 1648 1675
1648 8 1620 1627 1647 1660 1666 1667 1675 1694
1649 5 1607 1645 1662 1663 1680
1650 4 1637 1638 1651 1685
1651 8 1567 1593 1638 1646 1650 1665 1685 1692
1652 5 1583 1602 1641 1646 1665
1653 5 1625 1639 1654 1676 1725
1654 8 1574 1625 1631 1644 1653 1725 1742 1743
1655 5 1550 1588 1613 1659 1679
1656 5 1573 1588 1640 1677 1679
1657 4 1516 1524 1592 1689
1658 6 1538 1550 1659 1670 1698 1729
1659 7 1550 1655 1658 1679 1698 1723 1729
1660 5 1627 1639 1648 1666 1667
1661 6 1632 1635 1663 1680 1688 1701
1662 3 1632 1649 1663
1663 5 1632 1649 1661 1662 1680
1664 5 1643 1669 1678 1695 1704
1665 8 1641 1646 1651 1652 1671 1673 1692 1693
1666 3 1648 1660 1667
1667 9 1639 1648 1660 1666 1672 1694 1711 1715 1716
1668 6 1580 1643 1645 1669 1680 1695
1669 4 1643 1664 1668 1695
1670 7 1596 1597 1658 1709 1710 1729 1747
1671 6 1641 1665 1673 1674 1690 1691
1672 8 1639 1667 1676 1716 1732 1734 1761 1779
1673 7 1665 1671 1690 1693 1700 1750 1751
1674 7 1604 1612 1641 1671 1675 1691 1694
1675 6 1612 1629 1647 1648 1674 1694
1676 6 1639 1653 1672 1725 1732 1734
1677 5 1609 1640 1656 1679 1699
1678 6 1617 1664 1687 1696 1697 1704
1679 9 1588 1655 1656 1659 1677 1699 1714 1718 1723
1680 8 1645 1649 1661 1663 1668 1695 1701 1702
1681 5 1628 1633 1682 1687 1727
1682 5 1626 1633 1681 1683 1727
1683 5 1626 1682 1707 1727 1772
1684 3 1609 1634 1686
1685 8 1634 1650 1651 1686 1692 1699 1714 1741
1686 5 1609 1634 1684 1685 1699
1687 6 1617 1628 1678 1681 1696 1727
1688 4 1635 1636 1661 1713
1689 4 1592 1657 1703 1705
1690 4 1671 1673 1691 1700
1691 8 1671 1674 1690 1694 1700 1728 1730 1731
1692 6 1651 1665 1685 1693 1741 1758
1693 8 1665 1673 1692 1750 1758 1768 1770 1771
1694 9 1648 1667 1674 1675 1691 1711 1728 1763 1793
1695 8 1664 1668 1669 1680 1701 1702 1704 1720
1696 4 1678 1687 1697 1727
1697 6 1678 1696 1704 1766 1772 1773
1698 3 1658 1659 1729
1699 6 1609 1677 1679 1685 1686 1714
1700 8 1673 1690 1691 1730 1731 1751 1752 1753
1701 7 1661 1680 1695 1702 1713 1720 1726
1702 3 1680 1695 1701
1703 5 1592 1623 1689 1705 1706
1704 6 1664 1678 1695 1697 1720 1766
1705 5 1689 1703 1706 1745 1746
1706 8 1623 1703 1705 1708 1745 1746 1762 1818
1707 3 1683 1791 1792
1708 6 1623 1624 1706 1721 1739 1762
1709 3 1596 1670 1710
1710 7 1596 1670 1709 1712 1747 1756 1757
1711 5 1667 1694 1715 1786 1793
1712 7 1596 1710 1722 1739 1756 1757 1807
1713 5 1636 1688 1701 1717 1726
1714 6 1679 1685 1699 1718 1724 1741
1715 5 1667 1711 1716 1776 1786
1716 5 1667 1672 1715 1776 1786
1717 10 1636 1713 1719 1726 1736 1737 1738 1765 1782 1789
1718 6 1679 1714 1723 1724 1740 1748
1719 3 1636 1717 1736
1720 7 1695 1701 1704 1726 1766 1802 1810
1721 5 1596 1624 1708 1722 1739
1722 4 1596 1712 1721 1739
1723 6 1659 1679 1718 1729 1735 1740
1724 11 1714 1718 1741 1748 1758 1767 1783 1784 1785 1804 1809
1725 5 1653 1654 1676 1734 1742
1726 6 1701 1713 1717 1720 1738 1802
1727 6 1681 1682 1683 1687 1696 1772
1728 6 1691 1694 1731 1733 1749 1763
1729 6 1658 1659 1670 1698 1723 1735
1730 3 1691 1700 1731
1731 6 1691 1700 1728 1730 1733 1752
1732 2 1672 1676
1733 11 1728 1731 1749 1752 1763 1793 1816 1843 1865 1887 1908
1734 5 1672 1676 1725 1742 1761
1735 6 1723 1729 1740 1747 1794 1799
1736 7 1631 1717 1719 1744 1754 1755 1765
1737 7 1717 1738 1789 1802 1819 1866 1869
1738 4 1717 1726 1737 1802
1739 9 1708 1712 1721 1722 1762 1807 1808 1811 1812
1740 6 1718 1723 1735 1748 1759 1800
1741 5 1685 1692 1714 1724 1758
1742 5 1654 1725 1734 1744 1764
1743 3 1631 1654 1744
1744 6 1631 1736 1742 1743 1755 1764
1745 5 1705 1706 1746 1817 1818
1746 3 1705 1706 1745
1747 5 1670 1710 1735 1756 1794
1748 6 1718 1724 1740 1759 1783 1784
1749 3 1728 1733 1763
1750 5 1673 1693 1751 1769 1770
1751 8 1673 1700 1750 1753 1760 1769 1795 1798
1752 5 1700 1731 1733 1753 1860
1753 9 1700 1751 1752 1760 1798 1814 1830 1846 1860
1754 8 1736 1755 1765 1774 1780 1781 1787 1788
1755 6 1736 1744 1754 1764 1777 1780
1756 7 1710 1712 1747 1757 1794 1806 1807
1757 3 1710 1712 1756
1758 7 1692 1693 1724 1741 1767 1775 1790
1759 5 1740 1748 1783 1800 1815
1760 4 1751 1753 1795 1798
1761 5 1672 1734 1764 1777 1779
1762 6 1706 1708 1739 1808 1811 1818
1763 5 1694 1728 1733 1749 1793
1764 5 1742 1744 1755 1761 1777
1765 5 1717 1736 1754 1774 1782
1766 7 1697 1704 1720 1773 1810 1854 1855
1767 4 1724 1758 1785 1790
1768 4 1693 1771 1775 1778
1769 5 1750 1751 1770 1771 1814
1770 4 1693 1750 1769 1771
1771 8 1693 1768 1769 1770 1778 1814 1836 1837
1772 5 1683 1697 1727 1773 1791
1773 6 1697 1766 1772 1791 1855 1877
1774 4 1754 1765 1781 1782
1775 4 1758 1768 1778 1790
1776 3 1715 1716 1786
1777 7 1755 1761 1764 1779 1780 1787 1813
1778 7 1768 1771 1775 1790 1821 1836 1842
1779 10 1672 1761 1777 1786 1803 1805 1813 1835 1853 1879
1780 4 1754 1755 1777 1787
1781 4 1754 1774 1782 1788
1782 9 1717 1765 1774 1781 1788 1789 1796 1801 1819
1783 9 1724 1748 1759 1784 1809 1815 1823 1828 1829
1784 3 1724 1748 1783
1785 6 1724 1767 1790 1804 1820 1821
1786 7 1711 1715 1716 1776 1779 1803 1805
1787 10 1754 1777 1780 1788 1796 1813 1825 1831 1833 1834
1788 5 1754 1781 1782 1787 1796
1789 4 1717 1737 1782 1819
1790 6 1758 1767 1775 1778 1785 1821
1791 6 1707 1772 1773 1792 1847 1878
1792 5 1707 1791 1797 1847 1901
1793 6 1694 1711 1733 1763 1803 1816
1794 9 1735 1747 1756 1799 1806 1858 1863 1880 1885
1795 2 1751 1760
1796 6 1782 1787 1788 1801 1824 1825
1797 1 1792
1798 4 1751 1753 1760 1814
1799 4 1735 1794 1800 1858
1800 7 1740 1759 1799 1815 1828 1858 1863
1801 5 1782 1796 1822 1824 1827
1802 8 1720 1726 1737 1738 1810 1866 1871 1872
1803 7 1779 1786 1793 1805 1816 1843 1879
1804 5 1724 1785 1809 1820 1823
1805 3 1779 1786 1803
1806 6 1756 1794 1807 1832 1848 1880
1807 7 1712 1739 1756 1806 1812 1832 1911
1808 3 1739 1762 1811
1809 4 1724 1783 1804 1823
1810 6 1720 1766 1802 1854 1872 1873
1811 8 1739 1762 1808 1812 1817 1818 1841 1845
1812 5 1739 1807 1811 1845 1894
1813 5 1777 1779 1787 1833 1835
1814 6 1753 1769 1771 1798 1830 1837
1815 4 1759 1783 1800 1828
1816 4 1733 1793 1803 1843
1817 5 1745 1811 1818 1840 1841
1818 5 1706 1745 1762 1811 1817
1819 6 1737 1782 1789 1822 1869 1890
1820 11 1785 1804 1821 1823 1829 1842 1852 1856 1859 1867 1868
1821 5 1778 1785 1790 1820 1842
1822 6 1801 1819 1827 1889 1890 1897
1823 5 1783 1804 1809 1820 1829
1824 4 1796 1801 1826 1827
1825 5 1787 1796 1826 1831 1844
1826 5 1824 1825 1827 1831 1844
1827 6 1801 1822 1824 1826 1831 1889
1828 8 1783 1800 1815 1829 1852 1861 1863 1870
1829 5 1783 1820 1823 1828 1852
1830 6 1753 1814 1837 1846 1851 1864
1831 6 1787 1825 1826 1827 1834 1875
1832 4 1806 1807 1848 1911
1833 5 1787 1813 1834 1835 1857
1834 6 1787 1831 1833 1857 1874 1875
1835 5 1779 1813 1833 1853 1857
1836 5 1771 1778 1837 1842 1849
1837 6 1771 1814 1830 1836 1850 1851
1838 1 1839
1839 4 1838 1840 1841 1893
1840 3 1817 1839 1841
1841 6 1811 1817 1839 1840 1845 1893
1842 8 1778 1820 1821 1836 1849 1850 1856 1864
1843 7 1733 1803 1816 1865 1879 1883 1929
1844 2 1825 1826
1845 6 1811 1812 1841 1893 1894 1895
1846 6 1753 1830 1860 1882 1886 1887
1847 7 1791 1792 1878 1891 1901 1903 1905
1848 5 1806 1832 1880 1911 1921
1849 3 1836 1842 1850
1850 5 1837 1842 1849 1851 1864
1851 4 1830 1837 1850 1864
1852 10 1820 1828 1829 1861 1867 1912 1913 1952 2001 2014
1853 4 1779 1835 1857 1883
1854 5 1766 1810 1855 1862 1873
1855 5 1766 1773 1854 1862 1877
1856 4 1820 1842 1859 1864
1857 6 1833 1834 1835 1853 1874 1883
1858 4 1794 1799 1800 1863
1859 5 1820 1856 1864 1868 1896
1860 4 1752 1753 1846 1887
1861 7 1828 1852 1870 1936 1938 1972 1978
1862 9 1854 1855 1873 1877 1891 1903 1930 1931 1937
1863 6 1794 1800 1828 1858 1870 1885
1864 8 1830 1842 1850 1851 1856 1859 1882 1896
1865 4 1733 1843 1908 1929
1866 4 1737 1802 1869 1871
1867 5 1820 1852 1868 1912 1913
1868 6 1820 1859 1867 1896 1913 1914
1869 7 1737 1819 1866 1871 1884 1890 1898
1870 6 1828 1861 1863 1885 1925 1936
1871 8 1802 1866 1869 1872 1876 1884 1904 1915
1872 6 1802 1810 1871 1873 1876 1899
1873 7 1810 1854 1862 1872 1899 1930 1931
1874 7 1834 1857 1875 1881 1883 1888 1949
1875 8 1831 1834 1874 1881 1889 1907 1947 1948
1876 5 1871 1872 1899 1915 1970
1877 5 1773 1855 1862 1878 1891
1878 4 1791 1847 1877 1891
1879 4 1779 1803 1843 1883
1880 8 1794 1806 1848 1885 1921 1925 1933 1935
1881 5 1874 1875 1888 1892 1907
1882 5 1846 1864 1886 1896 1902
1883 9 1843 1853 1857 1874 1879 1929 1941 1949 1961
1884 4 1869 1871 1898 1904
1885 5 1794 1863 1870 1880 1925
1886 4 1846 1882 1887 1902
1887 9 1733 1846 1860 1886 1902 1906 1908 1927 1940
1888 6 1874 1881 1892 1900 1949 1957
1889 7 1822 1827 1875 1897 1934 1947 1967
1890 5 1819 1822 1869 1897 1898
1891 6 1847 1862 1877 1878 1903 1937
1892 6 1881 1888 1900 1907 1974 2003
1893 8 1839 1841 1845 1895 1910 1916 1919 1920
1894 5 1812 1845 1895 1911 1917
1895 6 1845 1893 1894 1910 1917 1959
1896 6 1859 1864 1868 1882 1902 1914
1897 5 1822 1889 1890 1898 1934
1898 10 1869 1884 1890 1897 1904 1934 1942 1946 1989 1996
1899 6 1872 1873 1876 1931 1964 1970
1900 4 1888 1892 1957 1974
1901 4 1792 1847 1905 1909
1902 7 1882 1886 1887 1896 1906 1914 1926
1903 7 1847 1862 1891 1905 1922 1931 1964
1904 5 1871 1884 1898 1915 1989
1905 8 1847 1901 1903 1909 1918 1922 1923 1924
1906 5 1887 1902 1926 1927 1928
1907 8 1875 1881 1892 1948 1967 2003 2004 2011
1908 8 1733 1865 1887 1929 1940 1962 1979 1980
1909 5 1901 1905 1918 1932 1944
1910 4 1893 1895 1916 1959
1911 6 1807 1832 1848 1894 1917 1921
1912 3 1852 1867 1913
1913 10 1852 1867 1868 1912 1914 1939 1943 1952 1953 1954
1914 6 1868 1896 1902 1913 1926 1939
1915 5 1871 1876 1904 1970 1989
1916 6 1893 1910 1919 1920 1958 1959
1917 7 1894 1895 1911 1933 1935 1959 1984
1918 6 1905 1909 1923 1944 1950 1951
1919 3 1893 1916 1920
1920 5 1893 1916 1919 1958 1959
1921 4 1848 1880 1911 1933
1922 11 1903 1905 1923 1924 1964 1965 1987 1991 1992 1998 2010
1923 6 1905 1918 1922 1924 1950 1965
1924 3 1905 1922 1923
1925 6 1870 1880 1885 1935 1936 1945
1926 8 1902 1906 1914 1928 1939 1956 1973 1983
1927 4 1887 1906 1928 1940
1928 7 1906 1926 1927 1940 1960 1969 1973
1929 7 1843 1865 1883 1908 1941 1962 1971
1930 3 1862 1873 1931
1931 6 1862 1873 1899 1903 1930 1964
1932 2 1909 1944
1933 4 1880 1917 1921 1935
1934 5 1889 1897 1898 1942 1967
1935 7 1880 1917 1925 1933 1975 1984 1986
1936 5 1861 1870 1925 1938 1945
1937 2 1862 1891
1938 6 1861 1936 1945 1972 1975 1988
1939 6 1913 1914 1926 1943 1955 1956
1940 7 1887 1908 1927 1928 1960 1969 1979
1941 4 1883 1929 1961 1971
1942 9 1898 1934 1946 1967 1996 2004 2013 2020 2022
1943 7 1913 1939 1953 1955 1956 1982 1993
1944 6 1909 1918 1932 1951 1966 1968
1945 4 1925 1936 1938 1975
1946 3 1898 1942 1996
1947 4 1875 1889 1948 1967
1948 4 1875 1907 1947 1967
1949 6 1874 1883 1888 1957 1961 1963
1950 7 1918 1923 1951 1965 1976 1991 1992
1951 7 1918 1944 1950 1966 1968 1976 1977
1952 6 1852 1913 1953 1954 2001 2002
1953 6 1913 1943 1952 1954 1993 2002
1954 3 1913 1952 1953
1955 3 1939 1943 1956
1956 6 1926 1939 1943 1955 1982 1983
1957 9 1888 1900 1949 1963 1974 1990 2003 2006 2009
1958 3 1916 1920 1959
1959 6 1895 1910 1916 1917 1920 1958
1960 3 1928 1940 1969
1961 7 1883 1941 1949 1963 1995 2006 2018
1962 5 1908 1929 1971 1980 2017
1963 5 1949 1957 1961 1990 1995
1964 6 1899 1903 1922 1931 1970 1987
1965 4 1922 1923 1950 1991
1966 5 1944 1951 1968 1977 1985
1967 7 1889 1907 1934 1942 1947 1948 2004
1968 3 1944 1951 1966
1969 5 1928 1940 1960 1973 1979
1970 7 1876 1899 1915 1964 1987 1989 1997
1971 4 1929 1941 1962 2017
1972 5 1861 1938 1978 1981 1988
1973 6 1926 1928 1969 1979 1983 2023
1974 3 1892 1900 1957
1975 5 1935 1938 1945 1986 1988
1976 4 1950 1951 1977 1992
1977 8 1951 1966 1976 1985 1992 1994 2005 2008
1978 3 1861 1972 1981
1979 6 1908 1940 1969 1973 1980 2023
1980 3 1908 1962 1979
1981 3 1972 1978 1988
1982 4 1943 1956 1983 1993
1983 4 1926 1956 1973 1982
1984 2 1917 1935
1985 3 1966 1977 1994
1986 4 1935 1975 1988 2021
1987 6 1922 1964 1970 1997 1999 2010
1988 5 1938 1972 1975 1981 1986
1989 8 1898 1904 1915 1970 1996 1997 2000 2012
1990 4 1957 1963 1995 2006
1991 4 1922 1950 1965 1992
1992 7 1922 1950 1976 1977 1991 1998 2008
1993 5 1943 1953 1982 2002 2015
1994 3 1977 1985 2005
1995 4 1961 1963 1990 2006
1996 5 1898 1942 1946 1989 2013
1997 5 1970 1987 1989 1999 2000
1998 3 1922 1992 2010
1999 5 1987 1997 2000 2007 2010
2000 5 1989 1997 1999 2007 2019
2001 4 1852 1952 2002 2014
2002 6 1952 1953 1993 2001 2014 2015
2003 4 1892 1907 1957 2011
2004 4 1907 1942 1967 2020
2005 3 1977 1994 2008
2006 7 1957 1961 1990 1995 2009 2016 2018
2007 3 1999 2000 2019
2008 3 1977 1992 2005
2009 3 1957 2006 2016
2010 4 1922 1987 1998 1999
2011 2 1907 2003
2012 3 1989 2013 2022
2013 4 1942 1996 2012 2022
2014 3 1852 2001 2002
2015 2 1993 2002
2016 3 2006 2009 2018
2017 2 1962 1971
2018 3 1961 2006 2016
2019 2 2000 2007
2020 2 1942 2004
2021 1 1986
2022 3 1942 2012 2013
2023 2 1973 1979
